首页
[[[54.0, 32.0], [193.0, 38.0], [192.0, 82.0], [52.0, 76.0]], ('23:54', 0.971085250377655)]
[[[849.0, 42.0], [1025.0, 42.0], [1025.0, 77.0], [849.0, 77.0]], ('+0744', 0.6263140439987183)]
[[[494.0, 131.0], [588.0, 131.0], [588.0, 203.0], [494.0, 203.0]], ('微信', 0.9999096393585205)]
[[[224.0, 287.0], [434.0, 287.0], [434.0, 346.0], [224.0, 346.0]], ('订阅号消息', 0.999477744102478)]
[[[952.0, 290.0], [1039.0, 290.0], [1039.0, 334.0], [952.0, 334.0]], ('21: 24 ', 0.9116026163101196)]
[[[229.0, 359.0], [289.0, 359.0], [289.0, 401.0], [229.0, 401.0]], ('广告', 0.9999702572822571)]
[[[227.0, 505.0], [395.0, 505.0], [395.0, 559.0], [227.0, 559.0]], ('("")*', 0.5793306827545166)]
[[[952.0, 505.0], [1039.0, 505.0], [1039.0, 549.0], [952.0, 549.0]], ('21:08', 0.9980680346488953)]
[[[224.0, 572.0], [294.0, 572.0], [294.0, 621.0], [224.0, 621.0]], ('你好', 0.9995834231376648)]
[[[227.0, 718.0], [316.0, 718.0], [316.0, 780.0], [227.0, 780.0]], ('阿呆', 0.9987219572067261)]
[[[952.0, 720.0], [1037.0, 720.0], [1037.0, 765.0], [952.0, 765.0]], ('19:47', 0.9988893270492554)]
[[[224.0, 795.0], [815.0, 792.0], [815.0, 834.0], [224.0, 837.0]], ('var ra = new RootAutomator(); ra.setScree·', 0.9821836352348328)]
[[[380.0, 2228.0], [455.0, 2249.0], [439.0, 2311.0], [364.0, 2291.0]], ('S', 0.8819094300270081)]
[[[917.0, 2248.0], [957.0, 2239.0], [966.0, 2285.0], [926.0, 2294.0]], ('S', 0.6602054238319397)]
[[[104.0, 2309.0], [169.0, 2309.0], [169.0, 2359.0], [104.0, 2359.0]], ('微信', 0.9998455047607422)]
[[[357.0, 2312.0], [453.0, 2312.0], [453.0, 2359.0], [357.0, 2359.0]], ('通讯录', 0.9994390606880188)]
[[[644.0, 2309.0], [709.0, 2309.0], [709.0, 2359.0], [644.0, 2359.0]], ('发现', 0.9999930262565613)]
[[[928.0, 2314.0], [962.0, 2314.0], [962.0, 2354.0], [928.0, 2354.0]], ('我', 0.9999815225601196)]









通讯录

[[[82.0, 82.0], [215.0, 82.0], [215.0, 126.0], [82.0, 126.0]], ('00:06 ', 0.9216849207878113)]
[[[850.0, 79.0], [1027.0, 85.0], [1026.0, 129.0], [848.0, 123.0]], ('+54', 0.7670278549194336)]
[[[487.0, 178.0], [620.0, 178.0], [620.0, 243.0], [487.0, 243.0]], ('通讯录', 0.9995728135108948)]
[[[233.0, 326.0], [401.0, 332.0], [399.0, 394.0], [231.0, 388.0]], ('新的朋友', 0.9990798234939575)]
[[[234.0, 497.0], [323.0, 497.0], [323.0, 554.0], [234.0, 554.0]], ('群聊', 0.9999862313270569)]
[[[1039.0, 552.0], [1058.0, 552.0], [1058.0, 587.0], [1039.0, 587.0]], ('☆', 0.9962289929389954)]
[[[234.0, 661.0], [321.0, 661.0], [321.0, 720.0], [234.0, 720.0]], ('标签', 0.9994591474533081)]
[[[231.0, 822.0], [362.0, 822.0], [362.0, 886.0], [231.0, 886.0]], ('公众号', 0.9999592304229736)]
[[[1041.0, 901.0], [1058.0, 901.0], [1058.0, 950.0], [1041.0, 950.0]], ('G', 0.972981333732605)]
[[[1039.0, 955.0], [1058.0, 955.0], [1058.0, 995.0], [1039.0, 995.0]], ('Ｈ', 0.9478933811187744)]
[[[234.0, 1082.0], [321.0, 1082.0], [321.0, 1143.0], [234.0, 1143.0]], ('阿呆', 0.9771065711975098)]
[[[229.0, 1336.0], [362.0, 1336.0], [362.0, 1398.0], [229.0, 1398.0]], ('平常心', 0.999960720539093)]
[[[75.0, 1485.0], [96.0, 1485.0], [96.0, 1512.0], [75.0, 1512.0]], ('W', 0.8642661571502686)]
[[[231.0, 1596.0], [400.0, 1596.0], [400.0, 1658.0], [231.0, 1658.0]], ('微信团队', 0.9998564124107361)]
[[[234.0, 1762.0], [480.0, 1762.0], [480.0, 1822.0], [234.0, 1822.0]], ('文件传输助手', 0.9991428256034851)]
[[[1041.0, 1886.0], [1058.0, 1886.0], [1058.0, 1926.0], [1041.0, 1926.0]], ('Z', 0.7105247974395752)]
[[[236.0, 2025.0], [665.0, 2025.0], [665.0, 2074.0], [236.0, 2074.0]], ('运城 快递驿站 马鞍桥店', 0.9644275307655334)]
[[[388.0, 2228.0], [465.0, 2228.0], [465.0, 2292.0], [388.0, 2292.0]], ('N=', 0.5005936622619629)]
[[[661.0, 2245.0], [704.0, 2245.0], [704.0, 2277.0], [661.0, 2277.0]], ('口', 0.8202114701271057)]



好友信息页面
[[[55.0, 35.0], [193.0, 35.0], [193.0, 79.0], [55.0, 79.0]], ('00:09 ', 0.9444303512573242)]
[[[849.0, 42.0], [1020.0, 42.0], [1020.0, 69.0], [849.0, 69.0]], ('+375 4', 0.7540817260742188)]
[[[306.0, 287.0], [586.0, 287.0], [586.0, 366.0], [306.0, 366.0]], ('("").', 0.9327049255371094)]
[[[306.0, 381.0], [680.0, 381.0], [680.0, 431.0], [306.0, 431.0]], ('微信号：TechCoder-88', 0.9833971261978149)]
[[[304.0, 446.0], [489.0, 446.0], [489.0, 497.0], [304.0, 497.0]], ('地区：乍得', 0.9992839694023132)]
[[[48.0, 646.0], [335.0, 646.0], [335.0, 708.0], [48.0, 708.0]], ('设置备注和标签', 0.9993892312049866)]
[[[46.0, 814.0], [215.0, 814.0], [215.0, 879.0], [46.0, 879.0]], ('朋友权限', 0.9983961582183838)]
[[[43.0, 1044.0], [176.0, 1044.0], [176.0, 1109.0], [43.0, 1109.0]], ('朋友圈', 0.999295711517334)]
[[[43.0, 1245.0], [176.0, 1245.0], [176.0, 1309.0], [43.0, 1309.0]], ('视频号', 0.9965131282806396)]
[[[304.0, 1250.0], [608.0, 1250.0], [608.0, 1302.0], [304.0, 1302.0]], ('KonNiChiWa社长', 0.9991733431816101)]
[[[654.0, 1338.0], [779.0, 1344.0], [778.0, 1379.0], [653.0, 1373.0]], ('Missior', 0.994384229183197)]
[[[644.0, 1386.0], [783.0, 1386.0], [783.0, 1431.0], [644.0, 1431.0]], ('Complet', 0.9847297072410583)]
[[[43.0, 1586.0], [215.0, 1586.0], [215.0, 1651.0], [43.0, 1651.0]], ('更多信息', 0.9723424911499023)]
[[[521.0, 1780.0], [651.0, 1780.0], [651.0, 1844.0], [521.0, 1844.0]], ('发消息', 0.9999391436576843)]
[[[391.0, 1953.0], [687.0, 1953.0], [687.0, 2005.0], [391.0, 2005.0]], ('音视频通话', 0.9988828897476196)]


好友聊天
[[[54.0, 32.0], [193.0, 38.0], [192.0, 82.0], [52.0, 76.0]], ('00:07', 0.9973351359367371)]
[[[448.0, 139.0], [620.0, 139.0], [620.0, 200.0], [448.0, 200.0]], ('()*', 0.5894667506217957)]
[[[468.0, 257.0], [615.0, 257.0], [615.0, 302.0], [468.0, 302.0]], ('昨天16:24', 0.9986851811408997)]
[[[227.0, 413.0], [781.0, 413.0], [781.0, 465.0], [227.0, 465.0]], ('https://github.com/openautojs/', 0.9991266131401062)]
[[[219.0, 485.0], [855.0, 472.0], [856.0, 532.0], [220.0, 545.0]], ('openautojs/blob/main/README_zh-', 0.9911911487579346)]
[[[221.0, 551.0], [346.0, 558.0], [343.0, 615.0], [219.0, 608.0]], ("PW'N)", 0.7884256839752197)]
[[[468.0, 730.0], [612.0, 730.0], [612.0, 775.0], [468.0, 775.0]], ('昨天16:35', 0.9986916780471802)]
[[[769.0, 876.0], [863.0, 876.0], [863.0, 940.0], [769.0, 940.0]], ('你好', 0.9993075132369995)]
[[[468.0, 1054.0], [612.0, 1054.0], [612.0, 1099.0], [468.0, 1099.0]], ('昨天16:52', 0.9988856315612793)]
[[[222.0, 1205.0], [535.0, 1205.0], [535.0, 1265.0], [222.0, 1265.0]], ('https://juejin.cn/', 0.9861983060836792)]
[[[219.0, 1280.0], [804.0, 1269.0], [806.0, 1329.0], [220.0, 1339.0]], ('post/7286787235360931852', 0.9989960789680481)]
[[[465.0, 1453.0], [617.0, 1453.0], [617.0, 1497.0], [465.0, 1497.0]], ('昨天20:52', 0.9926877617835999)]
[[[224.0, 1601.0], [268.0, 1601.0], [268.0, 1653.0], [224.0, 1653.0]], ('在', 0.9999790191650391)]
[[[222.0, 1755.0], [354.0, 1755.0], [354.0, 1819.0], [222.0, 1819.0]], ('喷啧喷', 0.566173791885376)]
[[[468.0, 1933.0], [612.0, 1933.0], [612.0, 1978.0], [468.0, 1978.0]], ('昨天 21:08', 0.9791361689567566)]
[[[222.0, 2079.0], [311.0, 2079.0], [311.0, 2141.0], [222.0, 2141.0]], ('你好', 0.9996781349182129)]

好友聊天2
[[[55.0, 37.0], [231.0, 37.0], [231.0, 82.0], [55.0, 82.0]], ('10:06 b', 0.8855672478675842)]
[[[51.0, 146.0], [80.0, 146.0], [80.0, 186.0], [51.0, 186.0]], ('<', 0.7318278551101685)]
[[[448.0, 139.0], [620.0, 139.0], [620.0, 200.0], [448.0, 200.0]], ('()*', 0.5894667506217957)]
[[[499.0, 341.0], [584.0, 348.0], [581.0, 395.0], [496.0, 387.0]], ('00:14', 0.997710108757019)]
[[[219.0, 491.0], [399.0, 484.0], [401.0, 549.0], [221.0, 555.0]], ('反反复复', 0.9887393712997437)]
[[[219.0, 643.0], [353.0, 649.0], [350.0, 716.0], [216.0, 709.0]], ('并不是', 0.9996420741081238)]
[[[812.0, 812.0], [856.0, 812.0], [856.0, 861.0], [812.0, 861.0]], ('在', 0.9998193383216858)]
[[[728.0, 963.0], [861.0, 963.0], [861.0, 1030.0], [728.0, 1030.0]], ('哈哈哈', 0.9992899894714355)]
[[[494.0, 1143.0], [586.0, 1143.0], [586.0, 1188.0], [494.0, 1188.0]], ('02:28', 0.9988915324211121)]
[[[275.0, 1297.0], [856.0, 1297.0], [856.0, 1349.0], [275.0, 1349.0]], ('https://github.com/shelllet/winui', 0.9945099353790283)]
[[[270.0, 1436.0], [482.0, 1436.0], [482.0, 1495.0], [270.0, 1495.0]], ('使用这个库', 0.9994961619377136)]
[[[494.0, 1616.0], [586.0, 1616.0], [586.0, 1661.0], [494.0, 1661.0]], ('08:56', 0.9989739656448364)]
[[[184.0, 1762.0], [478.0, 1767.0], [477.0, 1827.0], [183.0, 1821.0]], ('阿呆的聊天记录', 0.9980757832527161)]
[[[186.0, 1844.0], [475.0, 1844.0], [475.0, 1893.0], [186.0, 1893.0]], ('阿呆：安卓ADB命令', 0.9978354573249817)]
[[[186.0, 1965.0], [395.0, 1965.0], [395.0, 2017.0], [186.0, 2017.0]], ('杀死某个应用', 0.9979875683784485)]
[[[183.0, 2027.0], [424.0, 2027.0], [424.0, 2079.0], [183.0, 2079.0]], ('打开某个应用··', 0.915761411190033)]
[[[183.0, 2111.0], [311.0, 2111.0], [311.0, 2163.0], [183.0, 2163.0]], ('聊天记录', 0.9995564222335815)]